id0  =  0: up [27 36 37 38 39 40 41 42 43 44 45 46 47 48 49 50 51 52 53 54 55 56 57 58 59 60 61 62 63 64 65 66 67 68 69 70 71 72 73 74 75 76 77 78 79 80 81 82 83 84 85 86 87 88 89 90 91 92 94 96 97 101 102 103 104 105 106 107 108 111 114 116 120 121 123 126];	# card 76
id1  =  1: up [-4821 -4624 -4475 -4184 -4048 -3700 -3161 -2544 -2460 -1865 -1864 -1521 -1369 -1329 -1203 -1163 -1063 -977 -908 -707 -536 -437 -386 -329 -318 -253 -249 -227 -222 -203 -197 -188 -177 -172 -149 -138 -137 -118 -113 -111 -110 -109 -107 -105 -104 -102 -100 -98 -94 -91 -88 -87 -85 -84 -82 -81 -80 -78 -75 -73 -72 -71 -70 -69 -67 -66 -65 -64 -63 -62 -60 -58 -56 -54 -52 -51 -49 -48 -47 -46 -45 -44 -43 -42 -41 -40 -39 -38 -37 -36 -35 -34 -33 -32 -31 -30 -29 -28 -27 -26 -25 -24 -23 -22 -21 -20 -19 -18 -17 -16 -15 -14 -13 -12 -11 -10 -9 -8 -7 -6 -5 -4 -3 -2 -1 0 1 2 3 4 5 6 7 8 9 10 11 12 13 14 15 16 17 18 21 22 23 24 26 27 28 29 30 31 32 33 36 42 43 44 45 46 48 50 51 57 59 66 67 72 77 78 92 109 110 136 154 170 213 237 275 318 330 570 602 656 736 962 1029 1149 1294 1349 1409 1532 1958 1963 2561 3049 3328 3447 4254 4400 4501 4692 4903 5075];	# card 206
id2  =  2: up [21 29 40 44 64 71 72 73 74 75 76 77 78 79 80 81 82 83 84 85 86 87 88 89 90 91 92 93 94 95 96 97 98 99 100 101 102 103 104 105 106 107 108 109 110 111 112 113 118 141 149];	# card 51
id3  =  3: up [-3939 -2044 -1108 -674 -587 -495 -478 -362 -318 -273 -230 -222 -194 -148 -138 -133 -114 -104 -96 -88 -83 -74 -72 -62 -59 -57 -56 -48 -47 -45 -38 -37 -36 -30 -29 -25 -24 -23 -22 -21 -20 -19 -18 -17 -16 -15 -14 -13 -12 -11 -10 -9 -8 -7 -6 -5 -4 -3 -2 -1 0 1 2 3 4 5 6 7 8 9 10 11 12 13 14 15 16 17 18 19 20 21 22 23 24 25 26 27 30 32 34 37 40 46 50 53 57 62 67 71 74 83 84 89 93 104 105 108 111 116 130 133 144 150 155 163 206 210 214 258 300 343 358 365 463 501 575 692 737 769 1167 1751 2006 2565 2674 3743 3830];	# card 137
id4  =  4: up [-188 -160 -100 -46 -42 -40 -38 -36 -32 -30 -28 -24 -22 -20 -18 -14 -12 -10 -6 -4 -2 0 2 6 8 10 12 16 18 20 24 26 28 30 34 36 38 42 44 46 50 52 54 56 60 62 64 68 70 72 98 310 336 436];	# card 54
id5  =  5: up [-26739 -13839 -12809 -11042 -10453 -8392 -4141 -2944 -2385 -2377 -1990 -1845 -1520 -1471 -1106 -968 -898 -883 -683 -600 -575 -572 -511 -422 -318 -302 -267 -241 -224 -222 -196 -190 -179 -155 -133 -118 -103 -99 -97 -83 -82 -81 -77 -75 -69 -68 -67 -58 -53 -49 -48 -47 -46 -45 -43 -42 -41 -40 -38 -37 -36 -35 -34 -33 -32 -31 -30 -29 -28 -27 -26 -25 -24 -23 -22 -21 -20 -19 -18 -17 -16 -15 -14 -13 -12 -11 -10 -9 -8 -7 -6 -5 -4 -3 -2 -1 0 1 2 3 4 5 6 7 8 9 10 11 12 13 14 15 16 17 18 19 20 21 22 23 24 25 26 27 28 29 30 31 32 33 34 35 36 37 38 39 40 42 43 44 45 46 47 48 49 50 53 54 56 57 58 59 61 62 66 67 68 69 70 71 72 73 74 77 78 82 84 85 86 87 89 91 92 95 96 97 102 104 105 106 107 109 111 112 113 114 120 122 132 134 136 139 140 141 142 143 150 157 159 160 165 167 173 177 179 189 201 205 209 213 217 221 222 224 228 234 241 248 254 259 261 271 276 277 280 293 297 315 331 335 338 345 346 350 370 374 381 408 414 423 438 447 457 506 509 511 529 547 552 557 571 618 640 677 683 706 720 797 804 839 883 889 942 976 1010 1067 1086 1092 1185 1325 1327 1329 1530 1573 1629 1685 1822 2292 2299 2356 2503 2797 3092 3378 3498 3619 3776 3799 4122 4910 6339 7973 8098 9931 11749 12169 12588 13148 15164];	# card 299
id6  =  6: up [-48 -43 -27 -26 -19 -18 -16 -15 -10 -8 -6 1 2 3 4 5 7 8 9 10 11 12 13 14 15 16 17 18 19 20 21 22 23 24 25 26 27 28 29 30 31 32 33 34 35 36 37 38 39 40 41 42 43 44 45 46 47 48 49 50 51 52 53 54 55 56 57 58 59 60 61 62 63 64 65 66 67 68 69 70 71 72 73 75 104 105];	# card 86
id7  =  7: up [-353 -258 -191 -14 4 16 20 21 22 23 24 25 26 27 28 29 30 31 32 33 34 35 36 37 38 39 40 41 42 43 44 45 46 47 48 49 50 51 52 53 54 55 56 57 58 59 60 61 62 63 64 65 66 67 68 69 70 71 72 73 74 75 76 77 78 79 80 81 82 83 84 85 86 87 88 89 90 91 92 93 94 95 96 97 98 99 100 101 102 103 104 105 106 107 108 109 110 111 112 113 114 115 116 117 118 119 120 121 122 123 124 125 126 127 128 129 130 131 184 240 265 269 270];	# card 123
id8  =  8: up [-356 -298 -264 -18 -14 -12 -2 0 2 4 6 8 10 12 14 16 18 20 22 24 26 28 30 32 34 36 38 40 42 44 46 48 50 52 54 56 58 60 62 64 66 68 70 72 74 76 78 80 82 84 86 88 90 92 94 96 98 100 102 104 106 108 110 112 114 116 118 120 122 124 126 180 196 226 242 244 266];	# card 77
# id9  =  9: up [1 2 3 4 5 6 7];	# card 7 consecutive
id9  =  9: ident;
