id0	=	 0: up [0 1 2 3 4 5 6 7 8 9 10 11 12 13 14 15 16];
id1	=	 1: up [0 1 2 3 4 5 6 7 8 9 10 11 12 13 14 15 16];
id2	=	 2: up [0 1 2 3 4 5 6 7 8 9 10 11 12 13 14 15 16];
id3	=	 3: up [0 1 2 3 4 5 6 7 8 9 10 11 12 13 14 15 16];
id4	=	 4: up [0 1 2 3 4 5 6 7 8 9 10 11 12 13 14 15 16];
id5	=	 5: up [0 1 2 3 4 5 6 7 8 9 10 11 12 13 14 15 16];
id6	=	 6: up [0 1 2 3 4 5 6 7 8 9 10 11 12 13 14 15 16];
id7	=	 7: up [0 1 2 3 4 5 6 7 8 9 10 11 12 13 14 15 16];
id8	=	 8: up [0 1 2 3 4 5 6 7 8 9 10 11 12 13 14 15 16];
id9	=	 9: up [0 1 2 3 4 5 6 7 8 9 10 11 12 13 14 15 16];
id10	=	10: up [0 1 2 3 4 5 6 7 8 9 10 11 12 13 14 15 16];
id11	=	11: up [0 1 2 3 4 5 6 7 8 9 10 11 12 13 14 15 16];
id12	=	12: up [0 1 2 3 4 5 6 7 8 9 10 11 12 13 14 15 16];
id13	=	13: up [0 1 2 3 4 5 6 7 8 9 10 11 12 13 14 15 16];
id14	=	14: up [0 1 2 3 4 5 6 7 8 9 10 11 12 13 14 15 16];
id15	=	15: up [0 1 2 3 4 5 6 7 8 9 10 11 12 13 14 15 16];
id16	=	16: up [0 1 2 3 4 5 6 7 8 9 10 11 12 13 14 15 16];
id17	=	17: up [0 1 2 3 4 5 6 7 8 9 10 11 12 13 14 15 16];
id18	=	18: up [0 1 2 3 4 5 6 7 8 9 10 11 12 13 14 15 16];
id19	=	19: up [0 1 2 3 4 5 6 7 8 9 10 11 12 13 14 15 16];
id20	=	20: up [0 1 2 3 4 5 6 7 8 9 10 11 12 13 14 15 16];
id21	=	21: up [0 1 2 3 4 5 6 7 8 9 10 11 12 13 14 15 16];
id22	=	22: up [0 1 2 3 4 5 6 7 8 9 10 11 12 13 14 15 16];
id23	=	23: up [0 1 2 3 4 5 6 7 8 9 10 11 12 13 14 15 16];
id24	=	24: up [0 1 2 3 4 5 6 7 8 9 10 11 12 13 14 15 16];
id25	=	25: up [0 1 2 3 4 5 6 7 8 9 10 11 12 13 14 15 16];
id26	=	26: up [0 1 2 3 4 5 6 7 8 9 10 11 12 13 14 15 16];
id27	=	27: up [0 1 2 3 4 5 6 7 8 9 10 11 12 13 14 15 16];
id28	=	28: up [0 1 2 3 4 5 6 7 8 9 10 11 12 13 14 15 16];
id29	=	29: up [0 1 2 3 4 5 6 7 8 9 10 11 12 13 14 15 16];
id30	=	30: up [0 1 2 3 4 5 6 7 8 9 10 11 12 13 14 15 16];
id31	=	31: up [0 1 2 3 4 5 6 7 8 9 10 11 12 13 14 15 16];
id32	=	32: up [0 1 2 3 4 5 6 7 8 9 10 11 12 13 14 15 16];
id33	=	33: up [0 1 2 3 4 5 6 7 8 9 10 11 12 13 14 15 16];
id34	=	34: up [0 1 2 3 4 5 6 7 8 9 10 11 12 13 14 15 16];
id35	=	35: up [0 1 2 3 4 5 6 7 8 9 10 11 12 13 14 15 16];
id36	=	36: up [0 1 2 3 4 5 6 7 8 9 10 11 12 13 14 15 16];
id37	=	37: up [0 1 2 3 4 5 6 7 8 9 10 11 12 13 14 15 16];
id38	=	38: up [0 1 2 3 4 5 6 7 8 9 10 11 12 13 14 15 16];
id39	=	39: up [0 1 2 3 4 5 6 7 8 9 10 11 12 13 14 15 16];
id40	=	40: up [0 1 2 3 4 5 6 7 8 9 10 11 12 13 14 15 16];
id41	=	41: up [0 1 2 3 4 5 6 7 8 9 10 11 12 13 14 15 16];
id42	=	42: up [0 1 2 3 4 5 6 7 8 9 10 11 12 13 14 15 16];
id43	=	43: up [0 1 2 3 4 5 6 7 8 9 10 11 12 13 14 15 16];
id44	=	44: up [0 1 2 3 4 5 6 7 8 9 10 11 12 13 14 15 16];
id45	=	45: up [0 1 2 3 4 5 6 7 8 9 10 11 12 13 14 15 16];
id46	=	46: up [0 1 2 3 4 5 6 7 8 9 10 11 12 13 14 15 16];
id47	=	47: up [0 1 2 3 4 5 6 7 8 9 10 11 12 13 14 15 16];
id48	=	48: up [0 1 2 3 4 5 6 7 8 9 10 11 12 13 14 15 16];
id49	=	49: up [0 1 2 3 4 5 6 7 8 9 10 11 12 13 14 15 16];
id50	=	50: up [0 1 2 3 4 5 6 7 8 9 10 11 12 13 14 15 16];
id51	=	51: up [0 1 2 3 4 5 6 7 8 9 10 11 12 13 14 15 16];
id52	=	52: up [0 1 2 3 4 5 6 7 8 9 10 11 12 13 14 15 16];
id53	=	53: up [0 1 2 3 4 5 6 7 8 9 10 11 12 13 14 15 16];
id54	=	54: up [0 1 2 3 4 5 6 7 8 9 10 11 12 13 14 15 16];
id55	=	55: up [0 1 2 3 4 5 6 7 8 9 10 11 12 13 14 15 16];
id56	=	56: up [0 1 2 3 4 5 6 7 8 9 10 11 12 13 14 15 16];
id57	=	57: up [0 1 2 3 4 5 6 7 8 9 10 11 12 13 14 15 16];
id58	=	58: up [0 1 2 3 4 5 6 7 8 9 10 11 12 13 14 15 16];
id59	=	59: up [0 1 2 3 4 5 6 7 8 9 10 11 12 13 14 15 16];
id60	=	60: up [0 1 2 3 4 5 6 7 8 9 10 11 12 13 14 15 16];
id61	=	61: up [0 1 2 3 4 5 6 7 8 9 10 11 12 13 14 15 16];
id62	=	62: up [0 1 2 3 4 5 6 7 8 9 10 11 12 13 14 15 16];
id63	=	63: up [0 1 2 3 4 5 6 7 8 9 10 11 12 13 14 15 16];
class	=	64: concept;
